0,278
0,9
3,2
3,1
3,3
10,150
10,214
10,98
10,160
10,236
71,3
10,216
71,2
10,264
71,1
10,102
71,0
58,5
58,4
58,3
58,2
58,1
11,22
58,0
57,4
57,3
57,2
57,1
57,0
56,4
56,3
56,2
56,1
56,0
55,4
8,11
55,3
55,2
8,7
55,1
8,15
55,0
54,3
54,2
54,1
8,18
54,0
11,29
11,27
11,26
11,25
11,24
11,21
11,19
12,2
11,18
12,1
11,17
12,3
11,16
11,15
11,13
11,12
11,11
11,10
11,8
11,6
11,5
11,4
11,3
11,2
11,1
10,310
10,304
10,297
10,295
10,294
10,277
10,267
20,2
10,266
20,1
10,245
20,3
10,238
10,220
10,210
10,209
10,196
10,167
19,2
19,1
19,3
10,166
10,153
10,143
10,142
10,132
10,127
10,124
10,113
10,104
10,85
10,76
18,1
10,68
18,3
10,3
10,2
14,1
10,1
9,7
14,3
13,1
